 after hadron evolution
     0.02500    129.18884
     0.07500    151.10512
     0.12500    145.06462
     0.17500     94.01009
     0.22500     45.62407
     0.27500     47.91628
     0.32500     57.01108
     0.37500     65.10303
     0.42500     28.90243
     0.47500     51.60399
     0.52500     22.89449
     0.57500     37.24384
     0.62500     14.92959
     0.67500     11.35764
     0.72500     13.64329
     0.77500     18.38747
     0.82500     10.16940
     0.87500      7.22675
     0.92500     16.37769
     0.97500      2.24921
     1.02500     10.97154
     1.07500      2.09270
     1.12500      8.26369
     1.17500      4.02659
     1.27500      1.88141
     1.32500      3.62691
     1.42500      1.72597
     1.52500      1.66874
     1.72500      1.49907
     1.82500      1.42456
