    -9.80000      0.00000
    -9.40000      0.00000
    -9.00000      0.00000
    -8.60000      0.00000
    -8.20000      0.00000
    -7.80000      0.00000
    -7.40000      0.00000
    -7.00000      0.00000
    -6.60000      0.00000
    -6.20000      0.00000
    -5.80000      0.83333
    -5.40000      6.66667
    -5.00000     16.66667
    -4.60000     40.00000
    -4.20000     59.16667
    -3.80000     55.00000
    -3.40000     57.50000
    -3.00000     55.83334
    -2.60000     54.16667
    -2.20000     47.50000
    -1.80000     45.83334
    -1.40000     30.83333
    -1.00000      6.66667
    -0.60000     25.83333
    -0.20000     17.50000
     0.20000     12.50000
     0.60000     12.50000
     1.00000     26.66667
     1.40000     36.66667
     1.80000     20.83333
     2.20000     35.00000
     2.60000     45.00000
     3.00000     56.66667
     3.40000     60.00000
     3.80000     63.33334
     4.20000     35.83334
     4.60000     40.00000
     5.00000     19.16667
     5.40000      8.33333
     5.80000      0.83333
     6.20000      0.00000
     6.60000      0.00000
     7.00000      0.00000
     7.40000      0.00000
     7.80000      0.00000
     8.20000      0.00000
     8.60000      0.00000
     9.00000      0.00000
     9.40000      0.00000
     9.80000      0.00000
 after hadron evolution
    -9.80000      0.00000
    -9.40000      0.00000
    -9.00000      0.00000
    -8.60000      0.00000
    -8.20000      0.00000
    -7.80000      0.00000
    -7.40000      0.00000
    -7.00000      0.00000
    -6.60000      0.00000
    -6.20000      0.00000
    -5.80000      0.83333
    -5.40000      7.50000
    -5.00000     15.83333
    -4.60000     38.33334
    -4.20000     57.50000
    -3.80000     57.50000
    -3.40000     52.50000
    -3.00000     60.83334
    -2.60000     54.16667
    -2.20000     52.50000
    -1.80000     43.33334
    -1.40000     33.33334
    -1.00000      5.00000
    -0.60000     27.50000
    -0.20000     12.50000
     0.20000     15.83333
     0.60000      9.16667
     1.00000     23.33333
     1.40000     35.00000
     1.80000     25.00000
     2.20000     34.16667
     2.60000     48.33334
     3.00000     53.33334
     3.40000     60.00000
     3.80000     65.83334
     4.20000     36.66667
     4.60000     35.83334
     5.00000     23.33333
     5.40000      8.33333
     5.80000      0.00000
     6.20000      0.00000
     6.60000      0.00000
     7.00000      0.00000
     7.40000      0.00000
     7.80000      0.00000
     8.20000      0.00000
     8.60000      0.00000
     9.00000      0.00000
     9.40000      0.00000
     9.80000      0.00000
