    -9.80000      0.00000
    -9.40000      0.00000
    -9.00000      0.00000
    -8.60000      0.00000
    -8.20000      0.00000
    -7.80000      0.00000
    -7.40000      0.00000
    -7.00000      0.00000
    -6.60000      0.00000
    -6.20000      0.83333
    -5.80000      2.50000
    -5.40000      5.83333
    -5.00000      8.33333
    -4.60000     13.33333
    -4.20000     20.00000
    -3.80000     28.33333
    -3.40000     44.16667
    -3.00000     47.50000
    -2.60000     46.66667
    -2.20000     64.16667
    -1.80000     63.33334
    -1.40000     82.50001
    -1.00000     72.50000
    -0.60000     68.33334
    -0.20000     81.66667
     0.20000     76.66667
     0.60000     88.33334
     1.00000     80.00000
     1.40000     74.16667
     1.80000     72.50000
     2.20000     52.50000
     2.60000     37.50000
     3.00000     47.50000
     3.40000     38.33334
     3.80000     18.33333
     4.20000     20.00000
     4.60000     13.33333
     5.00000      3.33333
     5.40000      4.16667
     5.80000      0.00000
     6.20000      0.83333
     6.60000      0.00000
     7.00000      0.00000
     7.40000      0.00000
     7.80000      0.00000
     8.20000      0.00000
     8.60000      0.00000
     9.00000      0.00000
     9.40000      0.00000
     9.80000      0.00000
 after hadron evolution
    -9.80000      0.00000
    -9.40000      0.00000
    -9.00000      0.00000
    -8.60000      0.00000
    -8.20000      0.00000
    -7.80000      0.00000
    -7.40000      0.00000
    -7.00000      0.00000
    -6.60000      0.00000
    -6.20000      2.50000
    -5.80000      9.16667
    -5.40000     18.33333
    -5.00000     35.83334
    -4.60000     59.16667
    -4.20000     83.33334
    -3.80000    141.66667
    -3.40000    150.83334
    -3.00000    197.50002
    -2.60000    218.33334
    -2.20000    275.00000
    -1.80000    242.50002
    -1.40000    305.00000
    -1.00000    290.00000
    -0.60000    322.50003
    -0.20000    322.50003
     0.20000    321.66669
     0.60000    339.16669
     1.00000    308.33334
     1.40000    280.83334
     1.80000    246.66667
     2.20000    243.33334
     2.60000    192.50002
     3.00000    185.83334
     3.40000    167.50002
     3.80000    102.50001
     4.20000     98.33334
     4.60000     62.50000
     5.00000     30.00000
     5.40000     19.16667
     5.80000      7.50000
     6.20000      0.83333
     6.60000      0.00000
     7.00000      0.00000
     7.40000      0.00000
     7.80000      0.00000
     8.20000      0.00000
     8.60000      0.00000
     9.00000      0.00000
     9.40000      0.00000
     9.80000      0.00000
