    -9.80000      0.00000
    -9.40000      0.00000
    -9.00000      0.00000
    -8.60000      0.00000
    -8.20000      0.00000
    -7.80000      0.00000
    -7.40000      0.00000
    -7.00000      0.00000
    -6.60000      0.00000
    -6.20000      0.00000
    -5.80000      0.83333
    -5.40000      3.33333
    -5.00000      2.50000
    -4.60000      9.16667
    -4.20000     14.16667
    -3.80000     15.00000
    -3.40000     13.33333
    -3.00000     11.66667
    -2.60000     10.00000
    -2.20000     18.33333
    -1.80000      9.16667
    -1.40000      6.66667
    -1.00000      4.16667
    -0.60000      7.50000
    -0.20000     10.00000
     0.20000      3.33333
     0.60000     -2.50000
     1.00000      7.50000
     1.40000     13.33333
     1.80000     15.00000
     2.20000     12.50000
     2.60000      8.33333
     3.00000     12.50000
     3.40000     11.66667
     3.80000     10.83333
     4.20000      7.50000
     4.60000      8.33333
     5.00000      2.50000
     5.40000      2.50000
     5.80000      0.00000
     6.20000      0.00000
     6.60000      0.00000
     7.00000      0.00000
     7.40000      0.00000
     7.80000      0.00000
     8.20000      0.00000
     8.60000      0.00000
     9.00000      0.00000
     9.40000      0.00000
     9.80000      0.00000
 after hadron evolution
    -9.80000      0.00000
    -9.40000      0.00000
    -9.00000      0.00000
    -8.60000      0.00000
    -8.20000      0.00000
    -7.80000      0.00000
    -7.40000      0.00000
    -7.00000      0.00000
    -6.60000      0.00000
    -6.20000      0.00000
    -5.80000      0.83333
    -5.40000      4.16667
    -5.00000      5.83333
    -4.60000     20.00000
    -4.20000     29.16667
    -3.80000     26.66667
    -3.40000     25.00000
    -3.00000     20.00000
    -2.60000     13.33333
    -2.20000     25.83333
    -1.80000     15.00000
    -1.40000     10.83333
    -1.00000     11.66667
    -0.60000     10.83333
    -0.20000      8.33333
     0.20000      5.00000
     0.60000     10.00000
     1.00000     18.33333
     1.40000     22.50000
     1.80000     15.83333
     2.20000     15.00000
     2.60000     27.50000
     3.00000     20.83333
     3.40000     25.83333
     3.80000     22.50000
     4.20000     19.16667
     4.60000     11.66667
     5.00000      7.50000
     5.40000      5.83333
     5.80000      0.00000
     6.20000      0.00000
     6.60000      0.00000
     7.00000      0.00000
     7.40000      0.00000
     7.80000      0.00000
     8.20000      0.00000
     8.60000      0.00000
     9.00000      0.00000
     9.40000      0.00000
     9.80000      0.00000
