    -9.80000      0.00000
    -9.40000      0.00000
    -9.00000      0.00000
    -8.60000      0.00000
    -8.20000      0.00000
    -7.80000      0.00000
    -7.40000      0.00000
    -7.00000      0.00000
    -6.60000      0.00000
    -6.20000      0.83333
    -5.80000      3.33333
    -5.40000     15.83333
    -5.00000     35.83334
    -4.60000     85.83334
    -4.20000    114.16667
    -3.80000    153.33334
    -3.40000    184.16667
    -3.00000    218.33334
    -2.60000    274.16669
    -2.20000    320.00000
    -1.80000    359.16669
    -1.40000    365.83334
    -1.00000    378.33334
    -0.60000    384.16669
    -0.20000    425.00003
     0.20000    379.16669
     0.60000    392.50003
     1.00000    365.83334
     1.40000    337.50003
     1.80000    351.66669
     2.20000    334.16669
     2.60000    266.66669
     3.00000    207.50002
     3.40000    179.16667
     3.80000    146.66667
     4.20000    100.00001
     4.60000     91.66667
     5.00000     30.83333
     5.40000     21.66667
     5.80000      7.50000
     6.20000      1.66667
     6.60000      0.83333
     7.00000      0.00000
     7.40000      0.00000
     7.80000      0.00000
     8.20000      0.00000
     8.60000      0.00000
     9.00000      0.00000
     9.40000      0.00000
     9.80000      0.00000
 after hadron evolution
    -9.80000      0.00000
    -9.40000      0.00000
    -9.00000      0.00000
    -8.60000      0.00000
    -8.20000      0.00000
    -7.80000      0.00000
    -7.40000      0.00000
    -7.00000      0.00000
    -6.60000      0.00000
    -6.20000      1.66667
    -5.80000      8.33333
    -5.40000     32.50000
    -5.00000     70.83334
    -4.60000    127.50001
    -4.20000    202.50002
    -3.80000    267.50000
    -3.40000    300.00000
    -3.00000    369.16669
    -2.60000    444.16669
    -2.20000    518.33337
    -1.80000    609.16669
    -1.40000    662.50006
    -1.00000    631.66669
    -0.60000    661.66669
    -0.20000    725.00006
     0.20000    728.33337
     0.60000    690.00006
     1.00000    631.66669
     1.40000    614.16669
     1.80000    526.66669
     2.20000    516.66669
     2.60000    430.83334
     3.00000    381.66669
     3.40000    308.33334
     3.80000    235.00002
     4.20000    163.33334
     4.60000    127.50001
     5.00000     65.00000
     5.40000     35.00000
     5.80000     10.83333
     6.20000      4.16667
     6.60000      0.83333
     7.00000      0.00000
     7.40000      0.00000
     7.80000      0.00000
     8.20000      0.00000
     8.60000      0.00000
     9.00000      0.00000
     9.40000      0.00000
     9.80000      0.00000
