    -9.80000      0.00000
    -9.40000      0.00000
    -9.00000      0.00000
    -8.60000      0.00000
    -8.20000      0.00000
    -7.80000      0.00000
    -7.40000      0.00000
    -7.00000      0.00000
    -6.60000      0.00000
    -6.20000      0.00000
    -5.80000      0.00000
    -5.40000      0.83333
    -5.00000      0.00000
    -4.60000      0.83333
    -4.20000      0.83333
    -3.80000      6.66667
    -3.40000      5.00000
    -3.00000     14.16667
    -2.60000     17.50000
    -2.20000     15.83333
    -1.80000     27.50000
    -1.40000     28.33333
    -1.00000     33.33334
    -0.60000     30.00000
    -0.20000     30.00000
     0.20000     25.83333
     0.60000     36.66667
     1.00000     28.33333
     1.40000     28.33333
     1.80000     29.16667
     2.20000     30.00000
     2.60000     18.33333
     3.00000     11.66667
     3.40000      5.83333
     3.80000      4.16667
     4.20000      2.50000
     4.60000      1.66667
     5.00000      0.83333
     5.40000      0.00000
     5.80000      0.00000
     6.20000      0.00000
     6.60000      0.00000
     7.00000      0.00000
     7.40000      0.00000
     7.80000      0.00000
     8.20000      0.00000
     8.60000      0.00000
     9.00000      0.00000
     9.40000      0.00000
     9.80000      0.00000
 after hadron evolution
    -9.80000      0.00000
    -9.40000      0.00000
    -9.00000      0.00000
    -8.60000      0.00000
    -8.20000      0.00000
    -7.80000      0.00000
    -7.40000      0.00000
    -7.00000      0.00000
    -6.60000      0.00000
    -6.20000      0.00000
    -5.80000      0.00000
    -5.40000      0.83333
    -5.00000      0.00000
    -4.60000      3.33333
    -4.20000      3.33333
    -3.80000      9.16667
    -3.40000     14.16667
    -3.00000     22.50000
    -2.60000     27.50000
    -2.20000     30.00000
    -1.80000     42.50000
    -1.40000     42.50000
    -1.00000     50.83334
    -0.60000     37.50000
    -0.20000     43.33334
     0.20000     38.33334
     0.60000     43.33334
     1.00000     45.00000
     1.40000     38.33334
     1.80000     42.50000
     2.20000     28.33333
     2.60000     23.33333
     3.00000     20.00000
     3.40000     11.66667
     3.80000      6.66667
     4.20000      1.66667
     4.60000      3.33333
     5.00000      0.83333
     5.40000      0.83333
     5.80000      0.00000
     6.20000      0.00000
     6.60000      0.00000
     7.00000      0.00000
     7.40000      0.00000
     7.80000      0.00000
     8.20000      0.00000
     8.60000      0.00000
     9.00000      0.00000
     9.40000      0.00000
     9.80000      0.00000
