    -9.80000      0.00000
    -9.40000      0.00000
    -9.00000      0.00000
    -8.60000      0.00000
    -8.20000      0.00000
    -7.80000      0.00000
    -7.40000      0.00000
    -7.00000      0.00000
    -6.60000      0.00000
    -6.20000      0.00000
    -5.80000      0.00000
    -5.40000      0.00000
    -5.00000      0.83333
    -4.60000      0.00000
    -4.20000      0.83333
    -3.80000      2.50000
    -3.40000      0.00000
    -3.00000      2.50000
    -2.60000      2.50000
    -2.20000      2.50000
    -1.80000      0.00000
    -1.40000      2.50000
    -1.00000      2.50000
    -0.60000      6.66667
    -0.20000      8.33333
     0.20000      5.00000
     0.60000     10.00000
     1.00000      5.00000
     1.40000      8.33333
     1.80000      5.00000
     2.20000      8.33333
     2.60000      4.16667
     3.00000      3.33333
     3.40000      0.83333
     3.80000      0.00000
     4.20000      0.00000
     4.60000      0.00000
     5.00000      0.00000
     5.40000      1.66667
     5.80000      0.00000
     6.20000      0.00000
     6.60000      0.00000
     7.00000      0.00000
     7.40000      0.00000
     7.80000      0.00000
     8.20000      0.00000
     8.60000      0.00000
     9.00000      0.00000
     9.40000      0.00000
     9.80000      0.00000
 after hadron evolution
    -9.80000      0.00000
    -9.40000      0.00000
    -9.00000      0.00000
    -8.60000      0.00000
    -8.20000      0.00000
    -7.80000      0.00000
    -7.40000      0.00000
    -7.00000      0.00000
    -6.60000      0.00000
    -6.20000      0.00000
    -5.80000      0.00000
    -5.40000      0.00000
    -5.00000      0.83333
    -4.60000      0.00000
    -4.20000      0.83333
    -3.80000      3.33333
    -3.40000      0.00000
    -3.00000      2.50000
    -2.60000      3.33333
    -2.20000      5.00000
    -1.80000      0.83333
    -1.40000      4.16667
    -1.00000      4.16667
    -0.60000      8.33333
    -0.20000      8.33333
     0.20000      5.83333
     0.60000     12.50000
     1.00000      7.50000
     1.40000      9.16667
     1.80000      6.66667
     2.20000      9.16667
     2.60000      4.16667
     3.00000      4.16667
     3.40000      0.83333
     3.80000      0.00000
     4.20000      0.83333
     4.60000      0.00000
     5.00000      0.00000
     5.40000      1.66667
     5.80000      0.00000
     6.20000      0.00000
     6.60000      0.00000
     7.00000      0.00000
     7.40000      0.00000
     7.80000      0.00000
     8.20000      0.00000
     8.60000      0.00000
     9.00000      0.00000
     9.40000      0.00000
     9.80000      0.00000
