    -9.80000      0.00000
    -9.40000      0.00000
    -9.00000      0.00000
    -8.60000      0.00000
    -8.20000      0.00000
    -7.80000      0.00000
    -7.40000      0.00000
    -7.00000      0.00000
    -6.60000      0.00000
    -6.20000      1.66667
    -5.80000      6.66667
    -5.40000     20.83333
    -5.00000     49.16667
    -4.60000     98.33334
    -4.20000    144.16667
    -3.80000    220.83334
    -3.40000    280.00000
    -3.00000    340.83334
    -2.60000    448.33334
    -2.20000    503.33334
    -1.80000    610.83337
    -1.40000    626.66669
    -1.00000    645.00006
    -0.60000    645.00006
    -0.20000    727.50006
     0.20000    664.16669
     0.60000    659.16669
     1.00000    670.83337
     1.40000    556.66669
     1.80000    561.66669
     2.20000    482.50003
     2.60000    410.00003
     3.00000    331.66669
     3.40000    259.16669
     3.80000    185.00002
     4.20000    137.50000
     4.60000    105.00001
     5.00000     33.33334
     5.40000     22.50000
     5.80000      8.33333
     6.20000      2.50000
     6.60000      0.83333
     7.00000      0.00000
     7.40000      0.00000
     7.80000      0.00000
     8.20000      0.00000
     8.60000      0.00000
     9.00000      0.00000
     9.40000      0.00000
     9.80000      0.00000
 after hadron evolution
    -9.80000      0.00000
    -9.40000      0.00000
    -9.00000      0.00000
    -8.60000      0.00000
    -8.20000      0.00000
    -7.80000      0.00000
    -7.40000      0.00000
    -7.00000      0.00000
    -6.60000      0.00000
    -6.20000      4.16667
    -5.80000     18.33333
    -5.40000     48.33334
    -5.00000     96.66667
    -4.60000    165.83334
    -4.20000    261.66669
    -3.80000    390.83334
    -3.40000    440.83334
    -3.00000    555.83337
    -2.60000    676.66669
    -2.20000    774.16669
    -1.80000    881.66669
    -1.40000   1015.83337
    -1.00000    965.00006
    -0.60000    987.50006
    -0.20000   1085.00000
     0.20000   1081.66675
     0.60000   1044.16675
     1.00000    970.00006
     1.40000    916.66669
     1.80000    804.16669
     2.20000    779.16669
     2.60000    621.66669
     3.00000    566.66669
     3.40000    454.16669
     3.80000    320.00000
     4.20000    242.50002
     4.60000    171.66667
     5.00000     87.50001
     5.40000     46.66667
     5.80000     18.33333
     6.20000      5.00000
     6.60000      0.83333
     7.00000      0.00000
     7.40000      0.00000
     7.80000      0.00000
     8.20000      0.00000
     8.60000      0.00000
     9.00000      0.00000
     9.40000      0.00000
     9.80000      0.00000
